{
  "asset": {
    "version": "2.0",
    "generator": "THREE.GLTFExporter"
  },
  "scenes": [
    {
      "name": "Scene",
      "nodes": [
        137
      ]
    }
  ],
  "scene": 0,
  "nodes": [
    {
      "matrix": [
        0.31024573973753,
        -0.7612213261534038,
        -0.5694644675757807,
        0,
        0.3529797490771216,
        0.6484397687857708,
        -0.6744858909952463,
        0,
        0.8826964279771197,
        0.00824700063369832,
        0.46987134906929207,
        0,
        4.193779468536377,
        2.7343215942382812,
        3.7604777812957764,
        1
      ],
      "name": "Cube",
      "extras": {
        "name": "Cube"
      },
      "mesh": 0
    },
    {
      "matrix": [
        0.31024573973753,
        -0.7612213261534038,
        -0.5694644675757807,
        0,
        0.3529797490771216,
        0.6484397687857708,
        -0.6744858909952463,
        0,
        0.8826964279771197,
        0.00824700063369832,
        0.46987134906929207,
        0,
        -0.5157327651977539,
        4.424150466918945,
        -0.18511652946472168,
        1
      ],
      "name": "Cube001",
      "extras": {
        "name": "Cube.001"
      },
      "mesh": 1
    },
    {
      "matrix": [
        0.31024573973753,
        -0.7612213261534038,
        -0.5694644675757807,
        0,
        0.3529797490771216,
        0.6484397687857708,
        -0.6744858909952463,
        0,
        0.8826964279771197,
        0.00824700063369832,
        0.46987134906929207,
        0,
        -6.628583908081055,
        1.5052566528320312,
        -3.0102298259735107,
        1
      ],
      "name": "Cube002",
      "extras": {
        "name": "Cube.002"
      },
      "mesh": 2
    },
    {
      "matrix": [
        0.31024573973753,
        -0.7612213261534038,
        -0.5694644675757807,
        0,
        0.3529797490771216,
        0.6484397687857708,
        -0.6744858909952463,
        0,
        0.8826964279771197,
        0.00824700063369832,
        0.46987134906929207,
        0,
        -1.9190711975097656,
        -0.18457245826721191,
        0.9353644847869873,
        1
      ],
      "name": "Cube003",
      "extras": {
        "name": "Cube.003"
      },
      "mesh": 3
    },
    {
      "matrix": [
        0.5372035968233079,
        -0.00885466682415593,
        -0.3009435181568598,
        0,
        -0.07919172347872043,
        0.5897217166613862,
        -0.1587137744936948,
        0,
        0.2904721624831972,
        0.1771524376264654,
        0.5132991864110951,
        0,
        -0.504502534866333,
        0.7924696207046509,
        0.15264365077018738,
        1
      ],
      "name": "Cube004",
      "extras": {
        "name": "Cube.004"
      },
      "mesh": 4
    },
    {
      "matrix": [
        0.5372035968233079,
        -0.00885466682415593,
        -0.3009435181568598,
        0,
        -0.07919172347872043,
        0.5897217166613862,
        -0.1587137744936948,
        0,
        0.2904721624831972,
        0.1771524376264654,
        0.5132991864110951,
        0,
        -2.681262731552124,
        0.9697625637054443,
        -3.1074464321136475,
        1
      ],
      "name": "Cube005",
      "extras": {
        "name": "Cube.005"
      },
      "mesh": 5
    },
    {
      "matrix": [
        0.5372035968233079,
        -0.00885466682415593,
        -0.3009435181568598,
        0,
        -0.07919172347872043,
        0.5897217166613862,
        -0.1587137744936948,
        0,
        0.2904721624831972,
        0.1771524376264654,
        0.5132991864110951,
        0,
        -1.9303014278411865,
        3.447108745574951,
        0.5976042747497559,
        1
      ],
      "name": "Cube006",
      "extras": {
        "name": "Cube.006"
      },
      "mesh": 6
    },
    {
      "matrix": [
        0.5372035745942986,
        -0.00779973700795294,
        -0.30097270611933846,
        0,
        -0.079191720201837,
        0.5902744302070231,
        -0.1566456344055947,
        0,
        0.2904721624831971,
        0.17535206708067075,
        0.5139169793614082,
        0,
        0.2464587688446045,
        3.269815444946289,
        3.857694387435913,
        1
      ],
      "name": "Cube007",
      "extras": {
        "name": "Cube.007"
      },
      "mesh": 7
    },
    {
      "matrix": [
        -0.2936625573660648,
        -0.011805167330489091,
        -0.5411617412546845,
        0,
        -0.5190745974312244,
        -0.16843205110288378,
        0.28535117969744794,
        0,
        -0.15348274976398893,
        0.5922198675132506,
        0.07036876027868016,
        0,
        -0.13705682754516602,
        2.989428997039795,
        -3.6043083667755127,
        1
      ],
      "name": "Cube008",
      "extras": {
        "name": "Cube.008"
      },
      "mesh": 8
    },
    {
      "matrix": [
        -0.2936625573660648,
        -0.011805167330489091,
        -0.5411617412546845,
        0,
        -0.5190745974312244,
        -0.16843205110288378,
        0.28535117969744794,
        0,
        -0.15348274976398893,
        0.5922198675132506,
        0.07036876027868016,
        0,
        -0.15688824653625488,
        -0.9090418815612793,
        -3.1577200889587402,
        1
      ],
      "name": "Cube009",
      "extras": {
        "name": "Cube.009"
      },
      "mesh": 9
    },
    {
      "matrix": [
        -0.2936625573660648,
        -0.011805167330489091,
        -0.5411617412546845,
        0,
        -0.5190745974312244,
        -0.16843205110288378,
        0.28535117969744794,
        0,
        -0.15348274976398893,
        0.5922198675132506,
        0.07036876027868016,
        0,
        1.424077033996582,
        -4.566486358642578,
        -5.291317939758301,
        1
      ],
      "name": "Cube010",
      "extras": {
        "name": "Cube.010"
      },
      "mesh": 10
    },
    {
      "matrix": [
        -0.2936625573660648,
        -0.011805167330489091,
        -0.5411617412546845,
        0,
        -0.5190745974312244,
        -0.16843205110288378,
        0.28535117969744794,
        0,
        -0.15348274976398893,
        0.5922198675132506,
        0.07036876027868016,
        0,
        1.4439082145690918,
        -0.6680154800415039,
        -5.737905979156494,
        1
      ],
      "name": "Cube011",
      "extras": {
        "name": "Cube.011"
      },
      "mesh": 11
    },
    {
      "matrix": [
        0.3937829300403557,
        -0.3669152032805947,
        -0.8427978649588219,
        0,
        -0.879110618748026,
        -0.41816340617550374,
        -0.22870044619280883,
        0,
        -0.26851355195232074,
        0.8309708825740447,
        -0.4872246642846054,
        0,
        3.0871570110321045,
        -0.6605108976364136,
        -4.806270122528076,
        1
      ],
      "name": "Cube012",
      "extras": {
        "name": "Cube.012"
      },
      "mesh": 12
    },
    {
      "matrix": [
        0.3937829300403557,
        -0.3669152032805947,
        -0.8427978649588219,
        0,
        -0.879110618748026,
        -0.41816340617550374,
        -0.22870044619280883,
        0,
        -0.26851355195232074,
        0.8309708825740447,
        -0.4872246642846054,
        0,
        2.6589155197143555,
        -6.336125373840332,
        -1.9415264129638672,
        1
      ],
      "name": "Cube013",
      "extras": {
        "name": "Cube.013"
      },
      "mesh": 13
    },
    {
      "matrix": [
        0.3937829300403557,
        -0.3669152032805947,
        -0.8427978649588219,
        0,
        -0.879110618748026,
        -0.41816340617550374,
        -0.22870044619280883,
        0,
        -0.26851355195232074,
        0.8309708825740447,
        -0.4872246642846054,
        0,
        -1.8001371622085571,
        -0.9165463447570801,
        -4.089355945587158,
        1
      ],
      "name": "Cube014",
      "extras": {
        "name": "Cube.014"
      },
      "mesh": 14
    },
    {
      "matrix": [
        0.3937829300403557,
        -0.3669152032805947,
        -0.8427978649588219,
        0,
        -0.879110618748026,
        -0.41816340617550374,
        -0.22870044619280883,
        0,
        -0.26851355195232074,
        0.8309708825740447,
        -0.4872246642846054,
        0,
        -1.3718950748443604,
        4.759068489074707,
        -6.954098701477051,
        1
      ],
      "name": "Cube015",
      "extras": {
        "name": "Cube.015"
      },
      "mesh": 15
    },
    {
      "matrix": [
        0.3937829300403557,
        -0.3669152032805947,
        -0.8427978649588219,
        0,
        -0.879110618748026,
        -0.41816340617550374,
        -0.22870044619280883,
        0,
        -0.26851355195232074,
        0.8309708825740447,
        -0.4872246642846054,
        0,
        -1.3718950748443604,
        4.759068489074707,
        -6.954098701477051,
        1
      ],
      "name": "Cube016",
      "extras": {
        "name": "Cube.016"
      },
      "mesh": 16
    },
    {
      "matrix": [
        0.3937829300403557,
        -0.3669152032805947,
        -0.8427978649588219,
        0,
        -0.879110618748026,
        -0.41816340617550374,
        -0.22870044619280883,
        0,
        -0.26851355195232074,
        0.8309708825740447,
        -0.4872246642846054,
        0,
        -1.8001371622085571,
        -0.9165463447570801,
        -4.089355945587158,
        1
      ],
      "name": "Cube017",
      "extras": {
        "name": "Cube.017"
      },
      "mesh": 17
    },
    {
      "matrix": [
        0.3937829300403557,
        -0.3669152032805947,
        -0.8427978649588219,
        0,
        -0.879110618748026,
        -0.41816340617550374,
        -0.22870044619280883,
        0,
        -0.26851355195232074,
        0.8309708825740447,
        -0.4872246642846054,
        0,
        2.6589155197143555,
        -6.336125373840332,
        -1.9415264129638672,
        1
      ],
      "name": "Cube018",
      "extras": {
        "name": "Cube.018"
      },
      "mesh": 18
    },
    {
      "matrix": [
        0.3937829300403557,
        -0.3669152032805947,
        -0.8427978649588219,
        0,
        -0.879110618748026,
        -0.41816340617550374,
        -0.22870044619280883,
        0,
        -0.26851355195232074,
        0.8309708825740447,
        -0.4872246642846054,
        0,
        3.0871570110321045,
        -0.6605108976364136,
        -4.806270122528076,
        1
      ],
      "name": "Cube019",
      "extras": {
        "name": "Cube.019"
      },
      "mesh": 19
    },
    {
      "matrix": [
        -0.2936625573660648,
        -0.011805167330489091,
        -0.5411617412546845,
        0,
        -0.5190745974312244,
        -0.16843205110288378,
        0.28535117969744794,
        0,
        -0.15348274976398893,
        0.5922198675132506,
        0.07036876027868016,
        0,
        1.4439082145690918,
        -0.6680154800415039,
        -5.737905979156494,
        1
      ],
      "name": "Cube020",
      "extras": {
        "name": "Cube.020"
      },
      "mesh": 20
    },
    {
      "matrix": [
        -0.2936625573660648,
        -0.011805167330489091,
        -0.5411617412546845,
        0,
        -0.5190745974312244,
        -0.16843205110288378,
        0.28535117969744794,
        0,
        -0.15348274976398893,
        0.5922198675132506,
        0.07036876027868016,
        0,
        1.424077033996582,
        -4.566486358642578,
        -5.291317939758301,
        1
      ],
      "name": "Cube021",
      "extras": {
        "name": "Cube.021"
      },
      "mesh": 21
    },
    {
      "matrix": [
        -0.2936625573660648,
        -0.011805167330489091,
        -0.5411617412546845,
        0,
        -0.5190745974312244,
        -0.16843205110288378,
        0.28535117969744794,
        0,
        -0.15348274976398893,
        0.5922198675132506,
        0.07036876027868016,
        0,
        -0.15688824653625488,
        -0.9090418815612793,
        -3.1577200889587402,
        1
      ],
      "name": "Cube022",
      "extras": {
        "name": "Cube.022"
      },
      "mesh": 22
    },
    {
      "matrix": [
        -0.2936625573660648,
        -0.011805167330489091,
        -0.5411617412546845,
        0,
        -0.5190745974312244,
        -0.16843205110288378,
        0.28535117969744794,
        0,
        -0.15348274976398893,
        0.5922198675132506,
        0.07036876027868016,
        0,
        -0.13705682754516602,
        2.989428997039795,
        -3.6043083667755127,
        1
      ],
      "name": "Cube023",
      "extras": {
        "name": "Cube.023"
      },
      "mesh": 23
    },
    {
      "matrix": [
        0.5372035968233079,
        -0.00885466682415593,
        -0.3009435181568598,
        0,
        -0.07919172347872043,
        0.5897217166613862,
        -0.1587137744936948,
        0,
        0.2904721624831972,
        0.1771524376264654,
        0.5132991864110951,
        0,
        0.2464587688446045,
        3.269815444946289,
        3.857694387435913,
        1
      ],
      "name": "Cube024",
      "extras": {
        "name": "Cube.024"
      },
      "mesh": 24
    },
    {
      "matrix": [
        0.5372035968233079,
        -0.00885466682415593,
        -0.3009435181568598,
        0,
        -0.07919172347872043,
        0.5897217166613862,
        -0.1587137744936948,
        0,
        0.2904721624831972,
        0.1771524376264654,
        0.5132991864110951,
        0,
        -1.9303014278411865,
        3.447108745574951,
        0.5976042747497559,
        1
      ],
      "name": "Cube025",
      "extras": {
        "name": "Cube.025"
      },
      "mesh": 25
    },
    {
      "matrix": [
        0.5372035968233079,
        -0.00885466682415593,
        -0.3009435181568598,
        0,
        -0.07919172347872043,
        0.5897217166613862,
        -0.1587137744936948,
        0,
        0.2904721624831972,
        0.1771524376264654,
        0.5132991864110951,
        0,
        -2.681262731552124,
        0.9697625637054443,
        -3.1074464321136475,
        1
      ],
      "name": "Cube026",
      "extras": {
        "name": "Cube.026"
      },
      "mesh": 26
    },
    {
      "matrix": [
        0.5372035968233079,
        -0.00885466682415593,
        -0.3009435181568598,
        0,
        -0.07919172347872043,
        0.5897217166613862,
        -0.1587137744936948,
        0,
        0.2904721624831972,
        0.1771524376264654,
        0.5132991864110951,
        0,
        -0.504502534866333,
        0.7924696207046509,
        0.15264365077018738,
        1
      ],
      "name": "Cube027",
      "extras": {
        "name": "Cube.027"
      },
      "mesh": 27
    },
    {
      "matrix": [
        0.31024573973753,
        -0.7612213261534038,
        -0.5694644675757807,
        0,
        0.3529797490771216,
        0.6484397687857708,
        -0.6744858909952463,
        0,
        0.8826964279771197,
        0.00824700063369832,
        0.46987134906929207,
        0,
        -1.9190711975097656,
        -0.18457245826721191,
        0.9353644847869873,
        1
      ],
      "name": "Cube028",
      "extras": {
        "name": "Cube.028"
      },
      "mesh": 28
    },
    {
      "matrix": [
        0.31024573973753,
        -0.7612213261534038,
        -0.5694644675757807,
        0,
        0.3529797490771216,
        0.6484397687857708,
        -0.6744858909952463,
        0,
        0.8826964279771197,
        0.00824700063369832,
        0.46987134906929207,
        0,
        -6.628583908081055,
        1.5052566528320312,
        -3.0102298259735107,
        1
      ],
      "name": "Cube029",
      "extras": {
        "name": "Cube.029"
      },
      "mesh": 29
    },
    {
      "matrix": [
        0.31024573973753,
        -0.7612213261534038,
        -0.5694644675757807,
        0,
        0.3529797490771216,
        0.6484397687857708,
        -0.6744858909952463,
        0,
        0.8826964279771197,
        0.00824700063369832,
        0.46987134906929207,
        0,
        -0.5157327651977539,
        4.424150466918945,
        -0.18511652946472168,
        1
      ],
      "name": "Cube030",
      "extras": {
        "name": "Cube.030"
      },
      "mesh": 30
    },
    {
      "matrix": [
        0.31024573973753,
        -0.7612213261534038,
        -0.5694644675757807,
        0,
        0.3529797490771216,
        0.6484397687857708,
        -0.6744858909952463,
        0,
        0.8826964279771197,
        0.00824700063369832,
        0.46987134906929207,
        0,
        4.193779468536377,
        2.7343215942382812,
        3.7604777812957764,
        1
      ],
      "name": "Cube031",
      "extras": {
        "name": "Cube.031"
      },
      "mesh": 31
    },
    {
      "matrix": [
        -0.49927754361886656,
        -0.7944319623431966,
        0.34583197702713875,
        0,
        0.0735552987427468,
        -0.43656218211533826,
        -0.8966621690133252,
        0,
        0.863314263263284,
        -0.42224552634735346,
        0.27640040029569235,
        0,
        5.373004913330078,
        5.687204360961914,
        5.466893196105957,
        1
      ],
      "name": "Cube032",
      "extras": {
        "name": "Cube.032"
      },
      "mesh": 32
    },
    {
      "matrix": [
        -0.49927754361886656,
        -0.7944319623431966,
        0.34583197702713875,
        0,
        0.0735552987427468,
        -0.43656218211533826,
        -0.8966621690133252,
        0,
        0.863314263263284,
        -0.42224552634735346,
        0.27640040029569235,
        0,
        0.5996540784835815,
        7.702659606933594,
        1.758012056350708,
        1
      ],
      "name": "Cube033",
      "extras": {
        "name": "Cube.033"
      },
      "mesh": 33
    },
    {
      "matrix": [
        -0.49927754361886656,
        -0.7944319623431966,
        0.34583197702713875,
        0,
        0.0735552987427468,
        -0.43656218211533826,
        -0.8966621690133252,
        0,
        0.863314263263284,
        -0.42224552634735346,
        0.27640040029569235,
        0,
        -6.348882675170898,
        9.951457023620605,
        2.4852640628814697,
        1
      ],
      "name": "Cube034",
      "extras": {
        "name": "Cube.034"
      },
      "mesh": 34
    },
    {
      "matrix": [
        -0.49927754361886656,
        -0.7944319623431966,
        0.34583197702713875,
        0,
        0.0735552987427468,
        -0.43656218211533826,
        -0.8966621690133252,
        0,
        0.863314263263284,
        -0.42224552634735346,
        0.27640040029569235,
        0,
        -1.5755321979522705,
        7.936001777648926,
        6.194145679473877,
        1
      ],
      "name": "Cube035",
      "extras": {
        "name": "Cube.035"
      },
      "mesh": 35
    },
    {
      "matrix": [
        0.14354700290257197,
        -0.5832807390401312,
        -0.13568704003507057,
        0,
        0.1046858751772586,
        0.1618230471144717,
        -0.5848822979632673,
        0,
        0.5896339488241624,
        0.11326964250674185,
        0.13687533442542402,
        0,
        -0.7562826871871948,
        6.723722457885742,
        4.999374866485596,
        1
      ],
      "name": "Cube036",
      "extras": {
        "name": "Cube.036"
      },
      "mesh": 36
    },
    {
      "matrix": [
        0.14354700290257197,
        -0.5832807390401312,
        -0.13568704003507057,
        0,
        0.1046858751772586,
        0.1618230471144717,
        -0.5848822979632673,
        0,
        0.5896339488241624,
        0.11326964250674185,
        0.13687533442542402,
        0,
        -4.144925594329834,
        6.6753692626953125,
        3.021328926086426,
        1
      ],
      "name": "Cube037",
      "extras": {
        "name": "Cube.037"
      },
      "mesh": 37
    },
    {
      "matrix": [
        0.14354700290257197,
        -0.5832807390401312,
        -0.13568704003507057,
        0,
        0.1046858751772586,
        0.1618230471144717,
        -0.5848822979632673,
        0,
        0.5896339488241624,
        0.11326964250674185,
        0.13687533442542402,
        0,
        -0.21959543228149414,
        8.914937973022461,
        2.9527828693389893,
        1
      ],
      "name": "Cube038",
      "extras": {
        "name": "Cube.038"
      },
      "mesh": 38
    },
    {
      "matrix": [
        0.14354700290257197,
        -0.5832807390401312,
        -0.13568704003507057,
        0,
        0.1046858751772586,
        0.1618230471144717,
        -0.5848822979632673,
        0,
        0.5896339488241624,
        0.11326964250674185,
        0.13687533442542402,
        0,
        3.1690473556518555,
        8.963292121887207,
        4.93082857131958,
        1
      ],
      "name": "Cube039",
      "extras": {
        "name": "Cube.039"
      },
      "mesh": 39
    },
    {
      "matrix": [
        -0.5375902003339195,
        -0.07347486432969187,
        -0.2912582581061756,
        0,
        -0.21915172323377805,
        0.5043026091662522,
        0.27728053166090905,
        0,
        0.2054323509259819,
        0.34570712365559403,
        -0.4663874804089814,
        0,
        -1.9740285873413086,
        5.078076362609863,
        1.141230583190918,
        1
      ],
      "name": "Cube040",
      "extras": {
        "name": "Cube.040"
      },
      "mesh": 40
    },
    {
      "matrix": [
        -0.5375902003339195,
        -0.07347486432969187,
        -0.2912582581061756,
        0,
        -0.21915172323377805,
        0.5043026091662522,
        0.27728053166090905,
        0,
        0.2054323509259819,
        0.34570712365559403,
        -0.4663874804089814,
        0,
        -3.3959622383117676,
        4.09796142578125,
        4.664777755737305,
        1
      ],
      "name": "Cube041",
      "extras": {
        "name": "Cube.041"
      },
      "mesh": 41
    },
    {
      "matrix": [
        -0.5375902003339195,
        -0.07347486432969187,
        -0.2912582581061756,
        0,
        -0.21915172323377805,
        0.5043026091662522,
        0.27728053166090905,
        0,
        0.2054323509259819,
        0.34570712365559403,
        -0.4663874804089814,
        0,
        -5.351837158203125,
        0.5415530204772949,
        6.653521537780762,
        1
      ],
      "name": "Cube042",
      "extras": {
        "name": "Cube.042"
      },
      "mesh": 42
    },
    {
      "matrix": [
        -0.5375902003339195,
        -0.07347486432969187,
        -0.2912582581061756,
        0,
        -0.21915172323377805,
        0.5043026091662522,
        0.27728053166090905,
        0,
        0.2054323509259819,
        0.34570712365559403,
        -0.4663874804089814,
        0,
        -3.929903507232666,
        1.5216681957244873,
        3.129974126815796,
        1
      ],
      "name": "Cube043",
      "extras": {
        "name": "Cube.043"
      },
      "mesh": 43
    },
    {
      "matrix": [
        -0.4499457504801083,
        -0.8834834743076406,
        -0.13040646157770885,
        0,
        -0.8848719705229918,
        0.42132038729222243,
        0.19872281237377076,
        0,
        -0.12062541348602929,
        0.20480749742205195,
        -0.9713410821293351,
        0,
        -2.289705753326416,
        0.7643222808837891,
        3.681741714477539,
        1
      ],
      "name": "Cube044",
      "extras": {
        "name": "Cube.044"
      },
      "mesh": 44
    },
    {
      "matrix": [
        -0.4499457504801083,
        -0.8834834743076406,
        -0.13040646157770885,
        0,
        -0.8848719705229918,
        0.42132038729222243,
        0.19872281237377076,
        0,
        -0.12062541348602929,
        0.20480749742205195,
        -0.9713410821293351,
        0,
        -3.1945667266845703,
        0.8608341217041016,
        9.988456726074219,
        1
      ],
      "name": "Cube045",
      "extras": {
        "name": "Cube.045"
      },
      "mesh": 45
    },
    {
      "matrix": [
        -0.4499457504801083,
        -0.8834834743076406,
        -0.13040646157770885,
        0,
        -0.8848719705229918,
        0.42132038729222243,
        0.19872281237377076,
        0,
        -0.12062541348602929,
        0.20480749742205195,
        -0.9713410821293351,
        0,
        -5.036159992218018,
        4.855307579040527,
        4.113009929656982,
        1
      ],
      "name": "Cube046",
      "extras": {
        "name": "Cube.046"
      },
      "mesh": 46
    },
    {
      "matrix": [
        -0.4499457504801083,
        -0.8834834743076406,
        -0.13040646157770885,
        0,
        -0.8848719705229918,
        0.42132038729222243,
        0.19872281237377076,
        0,
        -0.12062541348602929,
        0.20480749742205195,
        -0.9713410821293351,
        0,
        -4.131297588348389,
        4.758795738220215,
        -2.1937050819396973,
        1
      ],
      "name": "Cube047",
      "extras": {
        "name": "Cube.047"
      },
      "mesh": 47
    },
    {
      "matrix": [
        -0.1284629502801824,
        0.657605294361634,
        -0.7423291161238588,
        0,
        0.9830373881509722,
        0.18323959383854138,
        -0.007792471266895973,
        0,
        0.13089970708521648,
        -0.7307383293208858,
        -0.669990086105976,
        0,
        -7.868940830230713,
        4.677176475524902,
        -12.637001037597656,
        1
      ],
      "name": "Cube048",
      "extras": {
        "name": "Cube.048"
      },
      "mesh": 48
    },
    {
      "matrix": [
        -0.1284629502801824,
        0.657605294361634,
        -0.7423291161238588,
        0,
        0.9830373881509722,
        0.18323959383854138,
        -0.007792471266895973,
        0,
        0.13089970708521648,
        -0.7307383293208858,
        -0.669990086105976,
        0,
        -6.530542373657227,
        9.11410140991211,
        -8.263772964477539,
        1
      ],
      "name": "Cube049",
      "extras": {
        "name": "Cube.049"
      },
      "mesh": 49
    },
    {
      "matrix": [
        -0.1284629502801824,
        0.657605294361634,
        -0.7423291161238588,
        0,
        0.9830373881509722,
        0.18323959383854138,
        -0.007792471266895973,
        0,
        0.13089970708521648,
        -0.7307383293208858,
        -0.669990086105976,
        0,
        -9.77079963684082,
        14.923540115356445,
        -5.1622724533081055,
        1
      ],
      "name": "Cube050",
      "extras": {
        "name": "Cube.050"
      },
      "mesh": 50
    },
    {
      "matrix": [
        -0.1284629502801824,
        0.657605294361634,
        -0.7423291161238588,
        0,
        0.9830373881509722,
        0.18323959383854138,
        -0.007792471266895973,
        0,
        0.13089970708521648,
        -0.7307383293208858,
        -0.669990086105976,
        0,
        -11.109195709228516,
        10.486616134643555,
        -9.535502433776855,
        1
      ],
      "name": "Cube051",
      "extras": {
        "name": "Cube.051"
      },
      "mesh": 51
    },
    {
      "matrix": [
        0.3795600365099964,
        0.05449516883748403,
        -0.4818687329301342,
        0,
        0.48460617404778866,
        -0.06534036623843757,
        0.37432686377289237,
        0,
        -0.01800279979308404,
        -0.6099131256710129,
        -0.08315640226623816,
        0,
        -9.378301620483398,
        10.234002113342285,
        -10.248565673828125,
        1
      ],
      "name": "Cube052",
      "extras": {
        "name": "Cube.052"
      },
      "mesh": 52
    },
    {
      "matrix": [
        0.3795600365099964,
        0.05449516883748403,
        -0.4818687329301342,
        0,
        0.48460617404778866,
        -0.06534036623843757,
        0.37432686377289237,
        0,
        -0.01800279979308404,
        -0.6099131256710129,
        -0.08315640226623816,
        0,
        -8.445259094238281,
        13.727542877197266,
        -8.724586486816406,
        1
      ],
      "name": "Cube053",
      "extras": {
        "name": "Cube.053"
      },
      "mesh": 53
    },
    {
      "matrix": [
        0.3795600365099964,
        0.05449516883748403,
        -0.4818687329301342,
        0,
        0.48460617404778866,
        -0.06534036623843757,
        0.37432686377289237,
        0,
        -0.01800279979308404,
        -0.6099131256710129,
        -0.08315640226623816,
        0,
        -8.26143741607666,
        9.366715431213379,
        -7.550709247589111,
        1
      ],
      "name": "Cube054",
      "extras": {
        "name": "Cube.054"
      },
      "mesh": 54
    },
    {
      "matrix": [
        0.3795600365099964,
        0.05449516883748403,
        -0.4818687329301342,
        0,
        0.48460617404778866,
        -0.06534036623843757,
        0.37432686377289237,
        0,
        -0.01800279979308404,
        -0.6099131256710129,
        -0.08315640226623816,
        0,
        -9.194479942321777,
        5.873175621032715,
        -9.074688911437988,
        1
      ],
      "name": "Cube055",
      "extras": {
        "name": "Cube.055"
      },
      "mesh": 55
    },
    {
      "matrix": [
        -0.4537790599763171,
        0.23842901451210993,
        -0.34127591292415366,
        0,
        -0.04662625407195832,
        -0.530751421588643,
        -0.30880738230077476,
        0,
        -0.4136951004479599,
        -0.2017117050917565,
        0.4091476955398793,
        0,
        -10.975964546203613,
        3.934924602508545,
        -2.076354503631592,
        1
      ],
      "name": "Cube056",
      "extras": {
        "name": "Cube.056"
      },
      "mesh": 56
    },
    {
      "matrix": [
        -0.4537790599763171,
        0.23842901451210993,
        -0.34127591292415366,
        0,
        -0.04662625407195832,
        -0.530751421588643,
        -0.30880738230077476,
        0,
        -0.4136951004479599,
        -0.2017117050917565,
        0.4091476955398793,
        0,
        -8.365531921386719,
        3.913519859313965,
        -5.006045341491699,
        1
      ],
      "name": "Cube057",
      "extras": {
        "name": "Cube.057"
      },
      "mesh": 57
    },
    {
      "matrix": [
        -0.4537790599763171,
        0.23842901451210993,
        -0.34127591292415366,
        0,
        -0.04662625407195832,
        -0.530751421588643,
        -0.30880738230077476,
        0,
        -0.4136951004479599,
        -0.2017117050917565,
        0.4091476955398793,
        0,
        -6.351912975311279,
        6.874137878417969,
        -7.764424800872803,
        1
      ],
      "name": "Cube058",
      "extras": {
        "name": "Cube.058"
      },
      "mesh": 58
    },
    {
      "matrix": [
        -0.4537790599763171,
        0.23842901451210993,
        -0.34127591292415366,
        0,
        -0.04662625407195832,
        -0.530751421588643,
        -0.30880738230077476,
        0,
        -0.4136951004479599,
        -0.2017117050917565,
        0.4091476955398793,
        0,
        -8.962346076965332,
        6.895543098449707,
        -4.8347344398498535,
        1
      ],
      "name": "Cube059",
      "extras": {
        "name": "Cube.059"
      },
      "mesh": 59
    },
    {
      "matrix": [
        0.0022129731899038774,
        0.9321960462218417,
        -0.36194698087460964,
        0,
        -0.37913352768764774,
        -0.33414328218700895,
        -0.8629055638727614,
        0,
        -0.925339318163342,
        0.13913581633718408,
        0.3526873398900925,
        0,
        -7.510443687438965,
        7.19550895690918,
        -3.6641488075256348,
        1
      ],
      "name": "Cube060",
      "extras": {
        "name": "Cube.060"
      },
      "mesh": 60
    },
    {
      "matrix": [
        0.0022129731899038774,
        0.9321960462218417,
        -0.36194698087460964,
        0,
        -0.37913352768764774,
        -0.33414328218700895,
        -0.8629055638727614,
        0,
        -0.925339318163342,
        0.13913581633718408,
        0.3526873398900925,
        0,
        -2.756389617919922,
        5.1945695877075195,
        -7.40553092956543,
        1
      ],
      "name": "Cube061",
      "extras": {
        "name": "Cube.061"
      },
      "mesh": 61
    },
    {
      "matrix": [
        0.0022129731899038774,
        0.9321960462218417,
        -0.36194698087460964,
        0,
        -0.37913352768764774,
        -0.33414328218700895,
        -0.8629055638727614,
        0,
        -0.925339318163342,
        0.13913581633718408,
        0.3526873398900925,
        0,
        -9.81743335723877,
        3.613554000854492,
        -6.176630973815918,
        1
      ],
      "name": "Cube062",
      "extras": {
        "name": "Cube.062"
      },
      "mesh": 62
    },
    {
      "matrix": [
        0.0022129731899038774,
        0.9321960462218417,
        -0.36194698087460964,
        0,
        -0.37913352768764774,
        -0.33414328218700895,
        -0.8629055638727614,
        0,
        -0.925339318163342,
        0.13913581633718408,
        0.3526873398900925,
        0,
        -14.571487426757812,
        5.614492416381836,
        -2.435248851776123,
        1
      ],
      "name": "Cube063",
      "extras": {
        "name": "Cube.063"
      },
      "mesh": 63
    },
    {
      "matrix": [
        -0.939820981377018,
        0.3382805793307053,
        0.047986861051617424,
        0,
        -0.19283676522788618,
        -0.4092356375759896,
        -0.891818451466182,
        0,
        -0.2820469307798792,
        -0.847403338468038,
        0.44984119554693036,
        0,
        -12.7850341796875,
        -0.2555971145629883,
        4.2796854972839355,
        1
      ],
      "name": "Cube064",
      "extras": {
        "name": "Cube.064"
      },
      "mesh": 64
    },
    {
      "matrix": [
        -0.939820981377018,
        0.3382805793307053,
        0.047986861051617424,
        0,
        -0.19283676522788618,
        -0.4092356375759896,
        -0.891818451466182,
        0,
        -0.2820469307798792,
        -0.847403338468038,
        0.44984119554693036,
        0,
        -11.02706527709961,
        3.799793243408203,
        -0.3100926876068115,
        1
      ],
      "name": "Cube065",
      "extras": {
        "name": "Cube.065"
      },
      "mesh": 65
    },
    {
      "matrix": [
        -0.939820981377018,
        0.3382805793307053,
        0.047986861051617424,
        0,
        -0.19283676522788618,
        -0.4092356375759896,
        -0.891818451466182,
        0,
        -0.2820469307798792,
        -0.847403338468038,
        0.44984119554693036,
        0,
        -10.528223037719727,
        11.049581527709961,
        -1.3395917415618896,
        1
      ],
      "name": "Cube066",
      "extras": {
        "name": "Cube.066"
      },
      "mesh": 66
    },
    {
      "matrix": [
        -0.939820981377018,
        0.3382805793307053,
        0.047986861051617424,
        0,
        -0.19283676522788618,
        -0.4092356375759896,
        -0.891818451466182,
        0,
        -0.2820469307798792,
        -0.847403338468038,
        0.44984119554693036,
        0,
        -12.28619384765625,
        6.994189739227295,
        3.2501871585845947,
        1
      ],
      "name": "Cube067",
      "extras": {
        "name": "Cube.067"
      },
      "mesh": 67
    },
    {
      "matrix": [
        -0.4924746219102407,
        -0.323624240177606,
        -0.17879937701531162,
        0,
        0.31042563962877634,
        -0.200145199932444,
        -0.4927584923464905,
        0,
        0.20084269544263095,
        -0.48419248309736124,
        0.3231918099117157,
        0,
        -12.989545822143555,
        5.608907699584961,
        2.17568302154541,
        1
      ],
      "name": "Cube068",
      "extras": {
        "name": "Cube.068"
      },
      "mesh": 68
    },
    {
      "matrix": [
        -0.4924746219102407,
        -0.323624240177606,
        -0.17879937701531162,
        0,
        0.31042563962877634,
        -0.200145199932444,
        -0.4927584923464905,
        0,
        0.20084269544263095,
        -0.48419248309736124,
        0.3231918099117157,
        0,
        -13.297266006469727,
        8.255400657653809,
        -0.7051661014556885,
        1
      ],
      "name": "Cube069",
      "extras": {
        "name": "Cube.069"
      },
      "mesh": 69
    },
    {
      "matrix": [
        -0.4924746219102407,
        -0.323624240177606,
        -0.17879937701531162,
        0,
        0.31042563962877634,
        -0.200145199932444,
        -0.4927584923464905,
        0,
        0.20084269544263095,
        -0.48419248309736124,
        0.3231918099117157,
        0,
        -10.323711395263672,
        5.185074806213379,
        0.7644104957580566,
        1
      ],
      "name": "Cube070",
      "extras": {
        "name": "Cube.070"
      },
      "mesh": 70
    },
    {
      "matrix": [
        -0.4924746219102407,
        -0.323624240177606,
        -0.17879937701531162,
        0,
        0.31042563962877634,
        -0.200145199932444,
        -0.4927584923464905,
        0,
        0.20084269544263095,
        -0.48419248309736124,
        0.3231918099117157,
        0,
        -10.0159912109375,
        2.538583278656006,
        3.6452598571777344,
        1
      ],
      "name": "Cube071",
      "extras": {
        "name": "Cube.071"
      },
      "mesh": 71
    },
    {
      "matrix": [
        -0.11651297746762257,
        0.40786483634039195,
        -0.44643483675830764,
        0,
        0.36888257297636334,
        0.40819285277211453,
        0.2766537939927192,
        0,
        0.479148657045733,
        -0.21507661345030812,
        -0.32154575124506934,
        0,
        -13.922727584838867,
        5.338099956512451,
        -2.082504987716675,
        1
      ],
      "name": "Cube072",
      "extras": {
        "name": "Cube.072"
      },
      "mesh": 72
    },
    {
      "matrix": [
        -0.11651297746762257,
        0.40786483634039195,
        -0.44643483675830764,
        0,
        0.36888257297636334,
        0.40819285277211453,
        0.2766537939927192,
        0,
        0.479148657045733,
        -0.21507661345030812,
        -0.32154575124506934,
        0,
        -15.965211868286133,
        7.278779029846191,
        0.6487817764282227,
        1
      ],
      "name": "Cube073",
      "extras": {
        "name": "Cube.073"
      },
      "mesh": 73
    },
    {
      "matrix": [
        -0.11651297746762257,
        0.40786483634039195,
        -0.44643483675830764,
        0,
        0.36888257297636334,
        0.40819285277211453,
        0.2766537939927192,
        0,
        0.479148657045733,
        -0.21507661345030812,
        -0.32154575124506934,
        0,
        -20.21476936340332,
        8.643324851989746,
        1.36143159866333,
        1
      ],
      "name": "Cube074",
      "extras": {
        "name": "Cube.074"
      },
      "mesh": 74
    },
    {
      "matrix": [
        -0.11651297746762257,
        0.40786483634039195,
        -0.44643483675830764,
        0,
        0.36888257297636334,
        0.40819285277211453,
        0.2766537939927192,
        0,
        0.479148657045733,
        -0.21507661345030812,
        -0.32154575124506934,
        0,
        -18.172285079956055,
        6.702646255493164,
        -1.3698561191558838,
        1
      ],
      "name": "Cube075",
      "extras": {
        "name": "Cube.075"
      },
      "mesh": 75
    },
    {
      "matrix": [
